# title: Torus.

# The points below are generated regularly on the surface of the torus.
# [n=256; gsi]
# NOTES: - The density on the inside is higher than the one on the outside.
#        - There are lots of degenracies since points are so regular!
#        - A whole buch of duplicates was added (on purpose :-).

3999999 0 0
3707106 0 707106
2999999 0 999999
2292893 0 707106
1999999 0 0
2292893 0 -707106
2999999 0 -999999
3707106 0 -707106
3848483 765510 382683
3317686 659928 923879
2567025 510613 923879
2036228 405031 382683
2036228 405031 -382683
2567025 510613 -923879
3317686 659928 -923879
3848483 765510 -382683
3424920 1418648 707106
2771638 1148050 999999
2118357 877452 707106
1847759 765366 0
2118357 877452 -707106
2771638 1148050 -999999
3424920 1418648 -707106
3695518 1530733 0
2812598 1879318 923879
2176219 1454103 923879
1726231 1153430 382683
1726231 1153430 -382683
2176219 1454103 -923879
2812598 1879318 -923879
3262586 2179990 -382683
3262586 2179990 382683
2121320 2121320 999999
1621320 1621320 707106
1414213 1414213 0
1621320 1621320 -707106
2121320 2121320 -999999
2621320 2621320 -707106
2828427 2828427 0
2621320 2621320 707106
1454103 2176219 923879
1153430 1726231 382683
1153430 1726231 -382683
1454103 2176219 -923879
1879318 2812598 -923879
2179990 3262586 -382683
2179990 3262586 382683
1879318 2812598 923879
877452 2118357 707106
765366 1847759 0
877452 2118357 -707106
1148050 2771638 -999999
1418648 3424920 -707106
1530733 3695518 0
1418648 3424920 707106
1148050 2771638 999999
405031 2036228 382683
405031 2036228 -382683
510613 2567025 -923879
659928 3317686 -923879
765510 3848483 -382683
765510 3848483 382683
659928 3317686 923879
510613 2567025 923879
0 1999999 0
0 2292893 -707106
0 2999999 -999999
0 3707106 -707106
0 3999999 0
0 3707106 707106
0 3000000 999999
0 2292893 707106
-405031 2036228 -382683
-510613 2567025 -923879
-659928 3317686 -923879
-765510 3848483 -382683
-765510 3848483 382683
-659928 3317686 923879
-510613 2567025 923879
-405031 2036228 382683
-877452 2118357 -707106
-1148050 2771638 -999999
-1418648 3424920 -707106
-1530733 3695518 0
-1418648 3424920 707106
-1148050 2771638 999999
-877452 2118357 707106
-765366 1847759 0
-1454103 2176219 -923879
-1879318 2812598 -923879
-2179990 3262586 -382683
-2179990 3262586 382683
-1879318 2812598 923879
-1454103 2176219 923879
-1153430 1726231 382683
-1153430 1726231 -382683
-2121320 2121320 -999999
-2621320 2621320 -707106
-2828427 2828427 0
-2621320 2621320 707106
-2121320 2121320 999999
-1621320 1621320 707106
-1414213 1414213 0
-1621320 1621320 -707106
-2812598 1879318 -923879
-3262586 2179990 -382683
-3262586 2179990 382683
-2812598 1879318 923879
-2176219 1454103 923879
-1726231 1153430 382683
-1726231 1153430 -382683
-2176219 1454103 -923879
-3424920 1418648 -707106
-3695518 1530733 0
-3424920 1418648 707106
-2771638 1148050 999999
-2118357 877452 707106
-1847759 765366 0
-2118357 877452 -707106
-2771638 1148050 -999999
-3848483 765510 -382683
-3848483 765510 382683
-3317686 659928 923879
-2567025 510613 923879
-2036228 405031 382683
-2036228 405031 -382683
-2567025 510613 -923879
-3317686 659928 -923879
-4000000 0 0
-3707106 0 707106
-2999999 0 999999
-2292893 0 707106
-2000000 0 0
-2292893 0 -707106
-3000000 0 -999999
-3707106 0 -707106
-3848483 -765510 382683
-3317686 -659928 923879
-2567025 -510613 923879
-2036228 -405031 382683
-2036228 -405031 -382683
-2567025 -510613 -923879
-3317686 -659928 -923879
-3848483 -765510 -382683
-3424920 -1418648 707106
-2771638 -1148050 999999
-2118357 -877452 707106
-1847759 -765366 0
-2118357 -877452 -707106
-2771638 -1148050 -999999
-3424920 -1418648 -707106
-3695518 -1530733 0
-2812598 -1879318 923879
-2176219 -1454103 923879
-1726231 -1153430 382683
-1726231 -1153430 -382683
-2176219 -1454103 -923879
-2812598 -1879318 -923879
-3262586 -2179990 -382683
-3262586 -2179990 382683
-2121320 -2121320 999999
-1621320 -1621320 707106
-1414213 -1414213 0
-1621320 -1621320 -707106
-2121320 -2121320 -999999
-2621320 -2621320 -707106
-2828427 -2828427 0
-2621320 -2621320 707106
-1454103 -2176219 923879
-1153430 -1726231 382683
-1153430 -1726231 -382683
-1454103 -2176219 -923879
-1879318 -2812598 -923879
-2179990 -3262586 -382683
-2179990 -3262586 382683
-1879318 -2812598 923879
-877452 -2118357 707106
-765366 -1847759 0
-877452 -2118357 -707106
-1148050 -2771638 -999999
-1418648 -3424920 -707106
-1530733 -3695518 0
-1418648 -3424920 707106
-1148050 -2771638 999999
-405031 -2036228 382683
-405031 -2036228 -382683
-510613 -2567025 -923879
-659928 -3317686 -923879
-765510 -3848483 -382683
-765510 -3848483 382683
-659928 -3317686 923879
-510613 -2567025 923879
0 -1999999 0
0 -2292893 -707106
0 -3000000 -999999
0 -3707106 -707106
0 -3999999 0
0 -3707106 707106
0 -2999999 999999
0 -2292893 707106
405031 -2036228 -382683
510613 -2567025 -923879
659928 -3317686 -923879
765510 -3848483 -382683
765510 -3848483 382683
659928 -3317686 923879
510613 -2567025 923879
405031 -2036228 382683
877452 -2118357 -707106
1148050 -2771638 -999999
1418648 -3424920 -707106
1530733 -3695518 0
1418648 -3424920 707106
1148050 -2771638 999999
877452 -2118357 707106
765366 -1847759 0
1454103 -2176219 -923879
1879318 -2812598 -923879
2179990 -3262586 -382683
2179990 -3262586 382683
1879318 -2812598 923879
1454103 -2176219 923879
1153430 -1726231 382683
1153430 -1726231 -382683
2121320 -2121320 -999999
2621320 -2621320 -707106
2828427 -2828427 0
2621320 -2621320 707106
2121320 -2121320 999999
1621320 -1621320 707106
1414213 -1414213 0
1621320 -1621320 -707106
2812598 -1879318 -923879
3262586 -2179990 -382683
3262586 -2179990 382683
2812598 -1879318 923879
2176219 -1454103 923879
1726231 -1153430 382683
1726231 -1153430 -382683
2176219 -1454103 -923879
3424920 -1418648 -707106
3695518 -1530733 0
3424920 -1418648 707106
2771638 -1148050 999999
2118357 -877452 707106
1847759 -765366 0
2118357 -877452 -707106
2771638 -1148050 -999999
3848483 -765510 -382683
3848483 -765510 382683
3317686 -659928 923879
2567025 -510613 923879
2036228 -405031 382683
2036228 -405031 -382683
2567025 -510613 -923879
3317686 -659928 -923879

# Everything below are duplicates!
2176219 1454103 923879
1726231 1153430 382683
1726231 1153430 -382683
2176219 1454103 -923879
2812598 1879318 -923879
3262586 2179990 -382683
3262586 2179990 382683
2121320 2121320 999999
1621320 1621320 707106
1414213 1414213 0
1621320 1621320 -707106
2121320 2121320 -999999
2621320 2621320 -707106
2828427 2828427 0
2621320 2621320 707106
1454103 2176219 923879
1153430 1726231 382683
3999999 0 0
3707106 0 707106
2999999 0 999999
2292893 0 707106
1999999 0 0
2292893 0 -707106
2999999 0 -999999
3707106 0 -707106
3848483 765510 382683
3317686 659928 923879
2567025 510613 923879
2121320 2121320 -999999
2621320 2621320 -707106
2828427 2828427 0
2621320 2621320 707106
1454103 2176219 923879
1153430 1726231 382683
3999999 0 0
3707106 0 707106
2999999 0 999999
2292893 0 707106
1999999 0 0
2292893 0 -707106
2999999 0 -999999
3707106 0 -707106
3848483 765510 382683
3317686 659928 923879
2567025 510613 923879
2036228 405031 382683
2036228 405031 -382683
2567025 510613 -923879
3317686 659928 -923879
3848483 765510 -382683
3424920 1418648 707106
2771638 1148050 999999
2118357 877452 707106
1847759 765366 0
2118357 877452 -707106
3424920 -1418648 -707106
3695518 -1530733 0
3424920 -1418648 707106
2771638 -1148050 999999
2118357 -877452 707106
1847759 -765366 0
2118357 -877452 -707106
2771638 -1148050 -999999
3848483 -765510 -382683
2118357 -877452 707106
1847759 -765366 0
2118357 -877452 -707106
2771638 -1148050 -999999
3848483 -765510 -382683
2118357 -877452 707106
1847759 -765366 0
2118357 -877452 -707106
2771638 -1148050 -999999
3848483 -765510 -382683
3707106 0 -707106
3707106 0 -707106
3707106 0 -707106
